 2
 69
 62
 63
 70
 21
 17
 12
 38
 15
 46
 90
 36
 71
 42
 76
 88
 43
 5
 96
 94
 9
 85
 3
 56
 80
 61
 13
 45
 40
 101
 81
 130
 60
 52
 104
 1
 91
 89
 118
 39
 14
 113
 57
 110
 117
 72
 83
 50
 78
 111
 58
 121
 84
 129
 48
 114
 51
 115
 140
 8
 55
 97
 102
 123
 154
 166
 64
 122
 137
 159
 131
 33
 141
 139
 49
 24
 103
 29
 25
 134
 7
 86
 198
 65
 31
 125
 107
 209
 203
 213
 128
 147
 142
 168
 163
 120
 212
 112
 98
 148
 173
 146
 236
 211
 200
 199
 221
 183
 150
 197
 167
 227
 186
 161
 216
 132
 222
 258
 181
 180
 241
 157
 184
 214
 282
 254
 220
 153
 192
 187
 176
 219
 242
 170
 261
 273
 283
 290
 217
 207
 300
 179
 249
 266
 265
 262
 256
 264
 195
 246
 245
 206
 234
 208
 177
 304
 285
 224
 237
 223
 194
 269
 274
 263
 331
 337
 250
 286
 342
 238
 230
 330
 240
 277
 235
 333
 334
 305
 320
 289
 357
 268
 317
 346
 298
 369
 353
 287
 319
 244
 325
 315
 299
 297
 360
 278
 350
 385
 295
 301
 365
 312
 279
 280
 329
 318
 364
 321
 401
 389
 359
 395
 294
 387
 366
 308
 307
 314
 344
 391
 311
 355
 386
 306
 356
 419
 392
 339
 348
 412
 345
 324
 413
 452
 336
 447
 390
 362
 372
 425
 388
 467
 380
 378
 421
 374
 373
 430
 404
 432
 438
 479
 462
 450
 445
 408
 399
 453
 461
 470
 424
 398
 410
 393
 444
 409
 411
 497
 451
 456
 486
 460
 420
 406
 446
 437
 489
 443
 541
 417
 463
 414
 478
 429
 426
 423
 521
 476
 468
 483
 449
 454
 515
 442
 502
 527
 518
 427
 516
 434
 422
 433
 510
 477
 458
 503
 544
 498
 500
 501
 549
 506
 457
 551
 528
 482
 471
 466
 474
 465
 535
 534
 499
 494
 492
 487
 493
 512
 552
 536
 546
 507
 508
 547
 517
 504
 537
 523
 519
 586
 545
 626
 526
 555
 602
 590
 573
 560
 559
 542
 654
 577
 613
 576
 597
 533
 611
 616
 570
 584
 603
 571
 614
 670
 561
 588
 636
 629
 580
 592
 623
 566
 637
 553
 699
 619
 581
 618
 595
 589
 610
 649
 650
 666
 674
 679
 653
 632
 668
 607
 659
 640
 645
 634
 686
 724
 625
 642
 656
 639
 652
 687
 695
 728
 702
 740
 741
 715
 714
 723
 712
 722
 710
 658
 711
 704
 660
 766
 791
 726
 796
 688
 662
 694
 764
 680
 675
 678
 676
 698
 742
 776
 683
 755
 760
 798
 713
 771
 775
 706
 797
 799
 733
 705
 750
 752
 729
 701
 787
 782
 779
 811
 774
 736
 804
 784
 790
 737
 763
 795
 792
 770
 848
 841
 754
 743
 814
 739
 836
 744
 857
 843
 815
 773
 830
 819
 880
 817
 833
 812
 767
 834
 768
 903
 895
 887
 838
 840
 868
 907
 821
 888
 854
 915
 826
 875
 861
 885
 810
 901
 802
 818
 897
 808
 806
 820
 890
 828
 863
 824
 855
 825
 805
 879
 920
 853
 916
 902
 926
 910
 886
 859
 883
 858
 849
 922
 872
 931
 860
 938
 925
 852
 963
 874
 882
 876
 877
 971
 933
 871
 898
 949
 893
 919
 973
 930
 961
 968
 974
 909
 955
 1014
 934
 960
 957
 921
 978
 914
 899
 918
 946
 929
 958
 969
 1005
 983
 924
 952
 1046
 1024
 986
 942
 970
 932
 997
 1026
 991
 941
 1052
 1025
 1029
 950
 966
 1042
 981
 948
 1023
 994
 953
 956
 975
 1037
 951
 967
 1083
 1060
 1082
 1036
 1045
 977
 1038
 1096
 1040
 979
 993
 1028
 982
 1018
 1068
 1004
 1011
 1034
 1035
 1022
 1001
 1012
 1087
 1019
 996
 1013
 1033
 1044
 1010
 1002
 1000
 1093
 1049
 1072
 1132
 1070
 1039
 1043
 1126
 1051
 1081
 1094
 1062
 1119
 1031
 1054
 1088
 1131
 1147
 1120
 1150
 1133
 1128
 1084
 1136
 1108
 1122
 1059
 1067
 1061
 1076
 1123
 1127
 1101
 1064
 1140
 1090
 1092
 1085
 1141
 1079
 1073
 1104
 1086
 1194
 1163
 1098
 1105
 1100
 1165
 1168
 1091
 1116
 1095
 1166
 1089
 1117
 1138
 1112
 1113
 1189
 1157
 1169
 1211
 1199
 1109
 1207
 1153
 1143
 1148
 1223
 1231
 1145
 1177
 1186
 1160
 1237
 1245
 1170
 1156
 1213
 1173
 1272
 1220
 1179
 1228
 1295
 1180
 1196
 1248
 1247
 1176
 1217
 1181
 1280
 1197
 1258
 1208
 1203
 1227
 1209
 1239
 1229
 1216
 1330
 1252
 1293
 1218
 1249
 1226
 1267
 1238
 1311
 1243
 1288
 1221
 1215
 1256
 1257
 1315
 1289
 1246
 1254
 1275
 1253
 1242
 1344
 1331
 1270
 1235
 1262
 1312
 1380
 1264
 1361
 1274
 1285
 1334
 1350
 1278
 1308
 1323
 1317
 1266
 1319
 1342
 1355
 1362
 1314
 1378
 1294
 1326
 1282
 1281
 1379
 1324
 1304
 1290
 1336
 1313
 1346
 1322
 1306
 1303
 1286
 1297
 1385
 1387
 1339
 1307
 1335
 1441
 1321
 1381
 1409
 1399
 1369
 1376
 1367
 1348
 1337
 1383
 1366
 1354
 1448
 1435
 1468
 1401
 1389
 1427
 1374
 1454
 1360
 1398
 1365
 1357
 1430
 1472
 1419
 1434
 1410
 1450
 1421
 1445
 1405
 1432
 1414
 1439
 1402
 1507
 1407
 1455
 1375
 1496
 1417
 1456
 1428
 1447
 1452
 1446
 1477
 1483
 1491
 1396
 1422
 1495
 1469
 1506
 1509
 1484
 1436
 1413
 1542
 1464
 1524
 1494
 1503
 1493
 1505
 1463
 1521
 1544
 1551
 1569
 1461
 1460
 1518
 1515
 1519
 1511
 1546
 1502
 1588
 1522
 1537
 1552
 1501
 1510
 1512
 1465
 1547
 1474
 1543
 1593
 1550
 1626
 1457
 1476
 1481
 1528
 1586
 1616
 1587
 1604
 1539
 1572
 1609
 1475
 1590
 1595
 1644
 1589
 1564
 1557
 1606
 1485
 1487
 1570
 1486
 1567
 1634
 1553
 1668
 1601
 1527
 1533
 1579
 1641
 1653
 1532
 1600
 1529
 1563
 1592
 1674
 1666
 1560
 1664
 1651
 1675
 1676
 1556
 1602
 1618
 1659
 1643
 1658
 1599
 1577
 1576
 1573
 1621
 1702
 1613
 1717
 1667
 1624
 1710
 1584
 1712
 1709
 1636
 1608
 1711
 1705
 1645
 1707
 1566
 1698
 1617
 1614
 1628
 1727
 1748
 1663
 1607
 1741
 1662
 1721
 1678
 1648
 1715
 1722
 1615
 1706
 1622
 1647
 1633
 1765
 1701
 1745
 1725
 1677
 1694
 1767
 1718
 1691
 1646
 1719
 1671
 1723
 1713
 1681
 1793
 1799
 1686
 1697
 1796
 1683
 1685
 1695
 1768
 1752
 1760
 1818
 1730
 1786
 1774
 1753
 1750
 1807
 1751
 1729
 1838
 1766
 1754
 1749
 1800
 1785
 1856
 1732
 1797
 1795
 1758
 1815
 1734
 1813
 1770
 1840
 1737
 1821
 1867
 1812
 1789
 1819
 1778
 1779
 1761
 1828
 1811
 1792
 1746
 1773
 1772
 1808
 1763
 1833
 1817
 1845
 1891
 1769
 1776
 1868
 1788
 1903
 1872
 1805
 1803
 1816
 1869
 1889
 1798
 1846
 1824
 1864
 1897
 1814
 1900
 1895
 1790
 1863
 1861
 1862
 1857
 1831
 1836
 1932
 1871
 1899
 1860
 1822
 1870
 1935
 1848
 1904
 1839
 1893
 1896
 1791
 1890
 1916
 1939
 1830
 1894
 1850
 1968
 1978
 1841
 1879
 1910
 1958
 1929
 1933
 1975
 1936
 1923
 1997
 1874
 1886
 1981
 1922
 2003
 1973
 1881
 1911
 1943
 1969
 2009
 1882
 1909
 1875
 1883
 1972
 1905
 1960
 2025
 1967
 1876
 1915
 1963
 2001
 2013
 1949
 1955
 1920
 2030
 2049
 2051
 1987
 2011
 1988
 2015
 2012
 1942
 2007
 1908
 2010
 2008
 2016
 2033
 1940
 1938
 1952
 1951
 2073
 2070
 1953
 2044
 1956
 1965
 1979
 2036
 2048
 2086
 2079
 2035
 2043
 2075
 2067
 2071
 1996
 2069
 1984
 2000
 1985
 1998
 2029
 1971
 1983
 2093
 2101
 1994
 2078
 2080
 1995
 2083
 2068
 2066
 2105
 2074
 2055
 2056
 2103
 2045
 2063
 2026
 2022
 2019
 2024
 2059
 2081
 2142
 2108
 2120
 2060
 2098
 2054
 2065
 2096
 2116
 2097
 2095
 2141
 2172
 2155
 2149
 2168
 2088
 2107
 2189
 2085
 2082
 2094
 2111
 2140
 2084
 2099
 2161
 2158
 2119
 2188
 2135
 2102
 2178
 2123
 2175
 2225
 2165
 2122
 2151
 2132
 2180
 2186
 2138
 2129
 2200
 2114
 2128
 2240
 2191
 2137
 2136
 2143
 2115
 2147
 2160
 2170
 2154
 2125
 2127
 2117
 2131
 2164
 2139
 2162
 2174
 2230
 2238
 2204
 2173
 2228
 2157
 2201
 2216
 2232
 2206
 2233
 2231
 2227
 2226
 2203
 2234
 2195
 2271
 2241
 2229
 2268
 2270
 2250
 2224
 2254
 2248
 2202
 2205
 2336
 2193
 2208
 2215
 2198
 2242
 2280
 2326
 2309
 2298
 2321
 2276
 2220
 2332
 2331
 2322
 2267
 2312
 2328
 2273
 2349
 2239
 2261
 2285
 2327
 2325
 2329
 2260
 2259
 2330
 2262
 2266
 2371
 2282
 2378
 2265
 2283
 2311
 2339
 2338
 2306
 2375
 2294
 2304
 2319
 2296
 2366
 2290
 2399
 2305
 2394
 2308
 2395
 2393
 2317
 2307
 2297
 2385
 2410
 2413
 2337
 2340
 2381
 2426
 2351
 2425
 2347
 2348
 2392
 2449
 2400
 2397
 2417
 2432
 2389
 2427
 2362
 2421
 2367
 2403
 2342
 2346
 2361
 2359
 2423
 2429
 2456
 2379
 2419
 2370
 2355
 2365
 2478
 2374
 2422
 2368
 2424
 2353
 2401
 2369
 2490
 2376
 2384
 2448
 2382
 2372
 2440
 2406
 2404
 2506
 2467
 2408
 2479
 2503
 2517
 2415
 2438
 2473
 2476
 2536
 2474
 2472
 2465
 2529
 2509
 2462
 2541
 2507
 2447
 2434
 2446
 2441
 2519
 2572
 2508
 2520
 2464
 2454
 2544
 2504
 2461
 2488
 2450
 2561
 2502
 2526
 2543
 2532
 2567
 2530
 2498
 2533
 2542
 2548
 2576
 2496
 2484
 2577
 2583
 2495
 2514
 2493
 2566
 2593
 2568
 2569
 2574
 2564
 2573
 2523
 2605
 2528
 2558
 2589
 2516
 2521
 2556
 2631
 2595
 2518
 2602
 2615
 2665
 2581
 2645
 2660
 2546
 2689
 2553
 2667
 2588
 2604
 2633
 2590
 2627
 2622
 2585
 2635
 2672
 2671
 2634
 2683
 2603
 2601
 2609
 2614
 2628
 2685
 2596
 2684
 2629
 2619
 2618
 2637
 2669
 2638
 2653
 2643
 2626
 2632
 2636
 2733
 2644
 2648
 2630
 2680
 2641
 2642
 2698
 2765
 2661
 2687
 2668
 2709
 2767
 2754
 2649
 2747
 2725
 2658
 2657
 2679
 2711
 2716
 2748
 2781
 2763
 2696
 2761
 2760
 2742
 2800
 2674
 2741
 2755
 2789
 2704
 2775
 2691
 2717
 2758
 2721
 2724
 2703
 2753
 2699
 2713
 2690
 2689
 2810
 2702
 2697
 2738
 2814
 2732
 2720
 2718
 2714
 2832
 2723
 2866
 2790
 2727
 2829
 2831
 2722
 2798
 2823
 2745
 2737
 2848
 2803
 2830
 2817
 2842
 2824
 2877
 2780
 2821
 2772
 2774
 2843
 2794
 2815
 2837
 2834
 2802
 2849
 2840
 2898
 2785
 2902
 2788
 2879
 2816
 2799
 2801
 2939
 2885
 2871
 2895
 2904
 2855
 2894
 2844
 2927
 2928
 2845
 2869
 2911
 2838
 2918
 2882
 2867
 2923
 2897
 2913
 2852
 2858
 2850
 2974
 2922
 2864
 2862
 2916
 2926
 2946
 2859
 2881
 2910
 2964
 2870
 2900
 2868
 2865
 2872
 2889
 2930
 2906
 2883
 2890
 2992
 2888
 3000
 2965
 2905
 2899
 2912
 2947
 2909
 2959
 2952
 3019
 2907
 2969
 2929
 3029
 2982
 2940
 3034
 2933
 3038
 2999
 2955
 2960
 2976
 2938
 2937
 2936
 3035
 3036
 3062
 2945
 2979
 2971
 2954
 2950
 2953
 2975
 3002
 2977
 2996
 3005
 2942
 3025
 3031
 3032
 3041
 2961
 3030
 2968
 3049
 2962
 2981
 3017
 2984
 2972
 3040
 3068
 2986
 2990
 2991
 3091
 3058
 3060
 3052
 3072
 2989
 3006
 3008
 2998
 3043
 3015
 3064
 3076
 3103
 2994
 3042
 3013
 3069
 3011
 3110
 3074
 3101
 3078
 3081
 3088
 3153
 3079
 3022
 3046
 3063
 3048
 3124
 3109
 3133
 3083
 3070
 3164
 3140
 3071
 3111
 3082
 3152
 3126
 3080
 3065
 3067
 3131
 3167
 3112
 3116
 3086
 3087
 3090
 3107
 3154
 3137
 3218
 3092
 3158
 3089
 3160
 3156
 3102
 3148
 3099
 3168
 3162
 3122
 3108
 3119
 3185
 3113
 3159
 3121
 3120
 3104
 3118
 3190
 3175
 3128
 3227
 3123
 3129
 3232
 3136
 3172
 3130
 3186
 3127
 3151
 3243
 3147
 3210
 3181
 3135
 3143
 3145
 3269
 3218
 3199
 3182
 3173
 3180
 3179
 3174
 3189
 3184
 3169
 3215
 3208
 3220
 3216
 3214
 3234
 3196
 3280
 3197
 3240
 3297
 3193
 3263
 3246
 3223
 3209
 3191
 3231
 3250
 3201
 3247
 3212
 3202
 3207
 3251
 3245
 3230
 3284
 3229
 3225
 3235
 3242
 3254
 3360
 3252
 3238
 3318
 3260
 3344
 3325
 3255
 3249
 3357
 3359
 3290
 3262
 3279
 3278
 3358
 3300
 3332
 3298
 3354
 3311
 3355
 3329
 3292
 3353
 3293
 3364
 3371
 3296
 3324
 3334
 3342
 3343
 3301
 3377
 3400
 3320
 3304
 3303
 3316
 3299
 3321
 3309
 3328
 3313
 3339
 3307
 3322
 3337
 3389
 3422
 3331
 3410
 3433
 3368
 3384
 3378
 3381
 3361
 3374
 3365
 3392
 3394
 3369
 3380
 3363
 3385
 3396
 3372
 3366
 3370
 3373
 3405
 3395
 3379
 3467
 3387
 3417
 3408
 3391
 3477
 3418
 3456
 3383
 3399
 3480
 3401
 3432
 3431
 3413
 3464
 3423
 3416
 3437
 3412
 3447
 3470
 3419
 3429
 3457
 3428
 3430
 3497
 3510
 3441
 3436
 3507
 3452
 3451
 3444
 3446
 3445
 3537
 3481
 3476
 3450
 3561
 3473
 3468
 3474
 3479
 3512
 3485
 3492
 3506
 3543
 3489
 3484
 3490
 3514
 3455
 3505
 3503
 3556
 3529
 3502
 3499
 3516
 3515
 3501
 3454
 3557
 3513
 3542
 3578
 3500
 3522
 3568
 3599
 3521
 3527
 3550
 3530
 3524
 3526
 3532
 3574
 3546
 3558
 3589
 3583
 3607
 3600
 3549
 3528
 3614
 3573
 3566
 3555
 3602
 3553
 3616
 3570
 3641
 3584
 3582
 3559
 3572
 3577
 3563
 3579
 3605
 3611
 3597
 3591
 3635
 3628
 3659
 3620
 3603
 3643
 3608
 3604
 3650
 3631
 3652
 3645
 3610
 3642
 3664
 3720
 3687
 3601
 3619
 3638
 3681
 3676
 3667
 3637
 3618
 3662
 3658
 3678
 3654
 3656
 3649
 3723
 3732
 3672
 3699
 3705
 3710
 3677
 3675
 3686
 3674
 3757
 3682
 3684
 3691
 3727
 3734
 3748
 3689
 3721
 3808
 3735
 3712
 3697
 3773
 3718
 3772
 3755
 3708
 3742
 3753
 3715
 3743
 3776
 3758
 3730
 3762
 3740
 3751
 3792
 3790
 3794
 3750
 3759
 3756
 3783
 3766
 3840
 3771
 3838
 3788
 3821
 3797
 3863
 3805
 3761
 3770
 3775
 3848
 3818
 3768
 3834
 3779
 3804
 3782
 3807
 3791
 3800
 3831
 3823
 3784
 3795
 3786
 3801
 3897
 3813
 3796
 3829
 3850
 3854
 3871
 3817
 3809
 3824
 3814
 3820
 3856
 3830
 3837
 3888
 3852
 3892
 3810
 3835
 3906
 3847
 3920
 3917
 3849
 3851
 3929
 3844
 3857
 3869
 3846
 3910
 3842
 3843
 3903
 3873
 3938
 3958
 3858
 3886
 3902
 3948
 3980
 3859
 3915
 3901
 3926
 3882
 3931
 3977
 3936
 3918
 3939
 3988
 3839
 3990
 3887
 3899
 3921
 3925
 3895
 3911
 3941
 3912
 3928
 3908
 3967
 3922
 3964
 4002
 4003
 3993
 3957
 3947
 3942
 4032
 3944
 4008
 3966
 3953
 3951
 3952
 3940
 3959
 3965
 4017
 4052
 4014
 3982
 3971
 3992
 3981
 3984
 4077
 4035
 3956
 4064
 4013
 4065
 3998
 3991
 3989
 4028
 3996
 3999
 4011
 4005
 4036
 4045
 4009
 4079
 4025
 4101
 4071
 4090
 4076
 4038
 4027
 4033
 4018
 4016
 4063
 4073
 4023
 4042
 4040
 4048
 4050
 4100
 4022
 4047
 4044
 4037
 4043
 4057
 4146
 4053
 4068
 4085
 4056
 4089
 4062
 4132
 4118
 4098
 4154
 4174
 4069
 4141
 4096
 4138
 4092
 4177
 4126
 4088
 4156
 4094
 4095
 4109
 4091
 4067
 4080
 4103
 4083
 4122
 4163
 4115
 4134
 4128
 4151
 4159
 4113
 4117
 4136
 4112
 4157
 4139
 4178
 4188
 4120
 4137
 4142
 4166
 4205
 4147
 4149
 4201
 4164
 4196
 4242
 4207
 4234
 4169
 4186
 4202
 4171
 4223
 4211
 4220
 4214
 4262
 4230
 4235
 4232
 4270
 4222
 4192
 4225
 4261
 4206
 4219
 4236
 4195
 4249
 4209
 4257
 4228
 4267
 4300
 4243
 4271
 4237
 4276
 4221
 4253
 4287
 4238
 4215
 4233
 4334
 4279
 4227
 4244
 4241
 4288
 4263
 4339
 4255
 4324
 4252
 4245
 4264
 4268
 4293
 4309
 4315
 4283
 4317
 4289
 4278
 4384
 4280
 4292
 4275
 4367
 4379
 4381
 4366
 4362
 4298
 4302
 4290
 4336
 4307
 4306
 4319
 4340
 4380
 4299
 4291
 4437
 4358
 4321
 4329
 4337
 4342
 4326
 4344
 4352
 4374
 4325
 4397
 4372
 4333
 4418
 4386
 4408
 4365
 4391
 4359
 4347
 4355
 4401
 4371
 4398
 4356
 4393
 4377
 4480
 4360
 4423
 4378
 4440
 4407
 4399
 4388
 4392
 4445
 4390
 4462
 4389
 4409
 4416
 4432
 4410
 4426
 4417
 4472
 4419
 4476
 4491
 4412
 4405
 4443
 4489
 4411
 4456
 4433
 4421
 4435
 4415
 4414
 4420
 4455
 4454
 4495
 4464
 4447
 4442
 4427
 4485
 4428
 4530
 4465
 4483
 4488
 4460
 4459
 4484
 4487
 4441
 4510
 4446
 4468
 4496
 4474
 4540
 4481
 4467
 4473
 4478
 4532
 4556
 4508
 4527
 4559
 4544
 4502
 4482
 4486
 4522
 4543
 4541
 4573
 4498
 4511
 4524
 4505
 3
 4542
 4521
 4503
 4529
 4516
 4616
 4531
 4545
 4526
 4528
 4547
 4561
 4553
 4519
 4551
 4535
 4620
 4592
 4562
 4536
 4574
 4570
 4603
 4595
 4621
 4591
 4610
 4594
 4578
 4623
 4625
 4566
 4568
 4575
 4617
 4615
 4582
 4577
 4601
 4564
 4641
 4651
 4593
 4657
 4605
 4585
 4589
 4600
 4627
 4608
 4612
 4604
 4650
 4701
 4660
 4638
 4685
 4720
 4674
 4611
 4702
 4626
 4609
 4631
 4680
 4682
 4655
 4629
 4649
 4692
 4646
 4647
 4637
 4683
 4642
 4668
 4693
 4721
 4607
 4672
 4665
 4667
 4654
 4722
 4727
 4687
 4659
 4679
 4662
 4670
 4676
 4675
 4716
 4690
 4664
 4710
 4673
 4694
 4713
 4686
 4696
 4758
 4707
 4718
 4717
 4695
 4714
 4780
 4762
 4778
 4731
 4759
 4786
 4795
 4733
 4730
 4809
 4738
 4796
 4766
 4800
 4784
 4790
 4744
 4750
 4814
 4745
 4763
 4839
 4755
 4761
 4747
 4803
 4776
 4772
 4802
 4768
 4834
 4787
 4783
 4775
 4798
 4851
 4806
 4807
 4853
 4854
 4813
 4827
 4820
 4817
 4838
 4812
 4843
 4881
 4904
 4826
 4856
 4833
 4857
 4835
 4836
 4934
 4869
 4873
 4829
 4866
 4846
 4847
 4841
 4864
 4845
 4849
 4868
 4888
 4852
 4927
 4870
 4889
 4871
 4944
 4867
 4915
 4872
 4933
 4951
 4950
 4895
 4876
 4956
 4880
 4954
 4960
 4900
 4896
 4903
 4963
 4891
 4969
 4959
 4913
 4917
 4919
 4907
 4897
 4911
 4894
 4935
 4908
 4916
 4925
 4928
 4987
 5034
 4940
 4936
 4932
 4946
 4942
 4970
 5046
 4943
 4980
 5009
 4958
 4957
 5002
 4976
 4955
 4989
 5013
 5007
 4999
 4977
 4984
 5038
 5029
 5017
 4995
 4974
 5035
 5058
 4983
 5051
 5050
 5020
 4975
 5000
 5084
 4981
 5001
 5023
 5018
 5052
 5027
 5008
 5016
 5011
 5066
 5031
 5022
 5012
 5074
 5088
 5076
 5024
 5041
 5080
 5048
 5107
 5045
 5044
 5025
 5079
 5130
 5040
 5072
 5093
 5089
 5102
 5073
 5069
 5087
 5082
 5059
 5067
 5106
 5053
 5151
 5114
 5070
 5078
 5075
 5085
 5094
 5112
 5105
 5071
 5129
 5166
 5120
 5090
 5135
 5092
 5086
 5099
 5118
 5123
 5139
 5176
 5113
 5162
 5175
 5154
 5133
 5132
 5185
 5141
 5121
 5134
 5128
 5138
 5145
 5186
 5157
 5164
 5142
 5188
 5147
 5217
 5146
 5160
 5184
 5241
 5205
 5211
 5159
 5183
 5208
 5209
 5187
 5232
 5163
 5198
 5172
 5219
 5244
 5174
 5256
 5167
 5180
 5210
 5173
 5218
 5169
 5191
 5177
 5221
 5189
 5229
 5234
 5289
 5231
 5272
 5299
 5213
 5268
 5230
 5277
 5278
 5200
 5245
 5301
 5225
 5236
 5246
 5248
 5240
 5235
 5265
 5283
 5260
 5247
 5306
 5261
 5264
 5242
 5344
 5290
 5254
 5332
 5269
 5302
 5334
 5282
 5292
 5330
 5312
 5285
 5281
 5358
 5311
 5331
 5304
 5293
 5313
 5347
 5307
 5320
 5345
 5284
 5319
 5318
 5315
 5364
 5323
 5322
 5336
 5354
 5321
 5333
 5350
 5363
 5374
 5366
 5346
 5360
 5393
 5391
 5408
 5359
 5410
 5396
 5357
 5430
 5418
 5431
 5367
 5380
 5375
 5385
 5369
 5397
 5454
 5404
 5460
 5390
 5398
 5414
 5405
 5407
 5448
 5446
 5451
 5455
 5394
 5456
 5422
 5459
 5403
 5423
 5411
 5417
 5419
 5473
 5409
 5457
 5437
 5463
 5450
 5421
 5413
 5485
 5427
 5428
 5433
 5445
 5509
 5527
 5504
 5472
 5465
 5486
 5530
 5464
 5482
 5476
 5536
 5475
 5495
 5512
 5487
 5541
 5537
 5477
 5498
 5538
 5561
 5531
 5514
 5529
 5532
 5533
 5534
 5491
 5563
 5503
 5516
 5500
 5501
 5520
 5575
 5522
 5549
 5508
 5518
 5551
 5526
 5555
 5517
 5594
 5603
 5521
 5595
 5553
 5607
 5601
 5558
 5570
 5593
 5547
 5566
 5600
 5613
 5569
 5568
 5608
 5643
 5619
 5596
 5567
 5577
 5651
 5582
 5581
 5588
 5597
 5606
 5671
 5602
 5675
 5654
 5623
 5616
 5674
 5620
 5676
 5629
 5655
 5626
 5639
 5692
 5644
 5637
 5697
 5640
 5636
 5634
 5680
 5633
 5699
 5667
 5649
 5630
 5656
 5673
 5646
 5707
 5678
 5706
 5709
 5658
 5660
 5698
 5668
 5672
 5682
 5704
 5726
 5749
 5723
 5750
 5685
 5695
 5731
 5712
 5721
 5744
 5724
 5725
 5757
 5742
 5711
 5777
 5738
 5768
 5719
 5740
 5756
 5736
 5729
 5730
 5737
 5783
 5752
 5788
 5739
 5755
 5747
 5787
 5743
 5741
 5764
 5745
 5792
 5772
 5769
 5760
 5784
 5771
 5802
 5765
 5801
 5793
 5785
 5812
 5776
 5800
 5798
 5858
 5835
 5845
 5794
 5841
 5824
 5820
 5810
 5823
 5887
 5813
 5836
 5817
 5839
 5867
 5851
 5829
 5853
 5840
 5849
 5875
 5852
 5863
 5834
 5843
 5896
 5857
 5916
 5856
 5848
 5873
 5870
 5861
 5885
 5878
 5869
 5883
 5888
 5900
 5886
 5884
 5877
 5882
 5919
 5906
 5894
 5908
 5904
 5890
 5910
 5926
 5907
 5893
 5941
 5909
 5918
 5921
 5937
 5922
 5914
 5933
 5932
 5964
 5942
 5946
 5956
 5969
 5945
 5985
 6025
 5962
 5967
 6017
 5968
 5961
 6020
 5959
 5963
 6004
 6019
 6006
 5983
 6016
 5984
 5977
 5989
 5997
 5987
 6002
 5998
 5993
 6001
 5994
 6013
 6039
 6011
 6012
 6024
 6018
 6061
 6052
 6073
 6063
 6051
 6033
 6059
 6076
 6097
 6083
 6034
 6098
 6091
 6090
 6086
 6088
 6084
 6096
 6075
 6078
 6072
 6113
 6105
 6118
 6107
 6134
 6108
 6112
 6125
 6129
 6119
 6135
 6142
 6110
 6103
 6111
 6130
 6127
 6126
 6131
 6165
 6121
 6163
 6120
 6153
 6161
 6139
 6137
 6145
 6160
 6148
 6157
 6164
 6170
 6193
 6158
 6200
 6180
 6166
 6169
 6183
 6175
 6176
 6190
 6188
 6191
 6192
 6194
 6186
 6201
 6187
 6209
 6218
 6203
 6213
 6222
 6207
 6202
 6208
 6230
 6219
 6212
 6226
 6204
 6234
 6220
 6227
 6251
 6225
 6258
 6264
 6250
 6238
 6248
 6267
 6266
 6261
 6272
 6281
 6257
 6270
 6265
 6275
 6297
 6299
 6280
 6286
 6282
 6277
 6303
 6285
 6301
 6304
 6315
 6295
 6293
 6298
 6300
 6308
 6302
 6318
 6319
 6310
 6311
 6324
 6327
 6345
 6337
 6343
 6335
 6342
 6338
 6341
 6347
 6352
 6360
 6358
 6365
 6366
 6359
 6355
 6383
 6374
 6382
 6376
 6384
 6372
 6379
 6380
 6389
 6398
 6397
 6404
 6400
 6402
 6385
 6390
 6413
 6410
 6412
 6411
 6425
 6426
 6417
 6421
 6423
